5.1544502617801
5.29758713136729
6.07142857142857
5.36890243902439
4.95132743362832
5.56842105263158
5.18421052631579
5.37325905292479
5.39316239316239
5.05866666666667
5.56168831168831
5.51923076923077
5.47685185185185
5.62857142857143
5.38176638176638
5.20325203252033
5.62616822429907
5.14080459770115
5.44878048780488
5.30769230769231
4.47467166979362
5.16486486486486
5.23442136498516
5.25679758308157
5.34010152284264
5.825
4.97897897897898
5.07670454545455
5.22625698324022
8.03508771929824
7.29473684210526
7.5974025974026
6.79381443298969
6.8875
6.31884057971014
6.50806451612903
5.89473684210526
6.46762589928058
6.28235294117647
6.05263157894737
6.42063492063492
6.38759689922481
6.54347826086957
6.39285714285714
6.26446280991736
6.32584269662921
6.55913978494624
6.55882352941176
6.57462686567164
6.62280701754386
6.84297520661157
6.9327731092437
7.62790697674419
8.11111111111111
6.48507462686567
6.43571428571429
6.82575757575758
6.53030303030303
6.47297297297297
