463
508
502
462
284
288
516
509
44
271
468
460
29
29
225
201
20
345
366
336
209
294
328
496
300
313
303
227
222
53
529
391
398
366
77
644
373
388
387
374
228
215
378
381
396
369
370
217
206
390
370
386
363
229
209
362
362
388
406
371
226
219
388
395
395
360
298
247
241
383
373
365
374
350
217
217
382
373
266
328
226
190
342
359
351
375
308
208
216
315
351
369
321
348
205
208
533
370
337
331
197
200
333
352
358
57
95
77
97
80
138
124
133
139
85
76
126
129
138
140
121
89
93
136
134
114
121
119
86
63
134
140
132
132
148
78
76
107
134
138
135
120
84
85
133
130
144
142
128
72
80
128
163
145
137
148
90
101
124
139
133
152
138
163
118
164
135
154
137
121
87
65
129
133
140
142
131
88
82
132
142
131
162
147
97
85
133
132
151
132
118
104
91
132
142
143
127
124
82
85
95
87
125
118
132
81
90
136
131
140
124
108
86
80
145
127
138
133
117
81
95
131
145
115
117
130
83
86
124
126
132
120
135
85
94
155
129
132
142
119
83
93
133
138
133
126
120
88
71
125
129
143
131
126
83
98
130
145
146
127
121
85
79
144
150
125
132
125
73
65
131
124
133
113
118
79
68
118
132
132
134
122
93
71
104
69
139
131
121
83
85
118
128
122
117
101
74
68
127
143
115
117
112
139
103
141
130
136
127
124
115
81
136
146
138
85
121
76
59
121
123
149
139
122
85
85
133
140
130
137
134
93
92
120
125
95
114
126
86
89
92
115
130
129
129
75
71
122
138
128
141
110
73
91
127
146
118
126
109
68
46
24
3
294
2
