5.14254859611231
4.72637795275591
4.69123505976096
4.70562770562771
5.34507042253521
5.07986111111111
4.5484496124031
4.55795677799607
7.06818181818182
5.33579335793358
4.80555555555556
4.93695652173913
9.3448275862069
0
5.55111111111111
5.74626865671642
8.85
5.01449275362319
5.2431693989071
1.77380952380952
5.20095693779904
5.42517006802721
5.79573170731707
4.30645161290323
5.26666666666667
5.38019169329073
5.36303630363036
5.56387665198238
4.84684684684685
6.67924528301887
4.79962192816635
4.9693094629156
4.89195979899498
5.13934426229508
7.7012987012987
4.37732919254658
5.02680965147453
5.10309278350515
4.96899224806202
5.2620320855615
5.35087719298246
5.37209302325581
5.03703703703704
5.16797900262467
4.72222222222222
5.31165311653116
5.05945945945946
5.27188940092166
5.72815533980583
4.78461538461538
5.17837837837838
5.10621761658031
5.29201101928375
5.34497816593886
5.13397129186603
4.88950276243094
5.38397790055249
4.99742268041237
4.84729064039409
5.19407008086253
5.30088495575221
5.6027397260274
4.87371134020619
5.06329113924051
5.2253164556962
5.21388888888889
5.84563758389262
5.62753036437247
5.54771784232365
4.90600522193211
5.35656836461126
5.2
5.05080213903743
5.01714285714286
5.59447004608295
5.02304147465438
5.1544502617801
5.29758713136729
6.07142857142857
5.36890243902439
4.95132743362832
5.56842105263158
5.18421052631579
5.37325905292479
5.39316239316239
5.05866666666667
5.56168831168831
5.51923076923077
5.47685185185185
5.62857142857143
5.38176638176638
5.20325203252033
5.62616822429907
5.14080459770115
5.44878048780488
5.30769230769231
4.47467166979362
5.16486486486486
5.23442136498516
5.25679758308157
5.34010152284264
5.825
4.97897897897898
5.07670454545455
5.22625698324022
8.03508771929824
7.29473684210526
7.5974025974026
6.79381443298969
6.8875
6.31884057971014
6.50806451612903
5.89473684210526
6.46762589928058
6.28235294117647
6.05263157894737
6.42063492063492
6.38759689922481
6.54347826086957
6.39285714285714
6.26446280991736
6.32584269662921
6.55913978494624
6.55882352941176
6.57462686567164
6.62280701754386
6.84297520661157
6.9327731092437
7.62790697674419
8.11111111111111
6.48507462686567
6.43571428571429
6.82575757575758
6.53030303030303
6.47297297297297
7.32051282051282
7.23684210526316
7.50467289719626
6.82089552238806
6.44202898550725
6.25925925925926
6.91666666666667
7.07142857142857
7.08235294117647
6.8796992481203
6.5
6.20138888888889
6.55633802816901
6.5546875
7.84722222222222
7.125
6.3125
5.80981595092025
6.33793103448276
6.75912408759124
6.4527027027027
6.81111111111111
7.02970297029703
6.70161290322581
6.41726618705036
6.37593984962406
6.45394736842105
6.2536231884058
4.65644171779141
5.76271186440678
5.81707317073171
6.28148148148148
5.86363636363636
6.61313868613139
6.65289256198347
6.82758620689655
7.27692307692308
6.55038759689922
6.48872180451128
6.36428571428571
6.35915492957746
6.52671755725191
6.92045454545455
6.39024390243902
6.75757575757576
6.26056338028169
6.70992366412214
6.07407407407407
6.38775510204082
6.87628865979381
6.83529411764706
6.74436090225564
6.51515151515152
6.09271523178808
6.96212121212121
6.48305084745763
7.36538461538461
7.30769230769231
6.99242424242424
6.42957746478873
6.47552447552448
6.71653543307087
6.55645161290323
6.85365853658537
6.70588235294118
6.22105263157895
6.60919540229885
6.32
6.88983050847458
6.08333333333333
6.65432098765432
6.38888888888889
6.18382352941176
6.47328244274809
6.44285714285714
6.43548387096774
6.93518518518519
6.83720930232558
7.2625
6.20689655172414
6.15748031496063
6.39130434782609
6.80451127819549
6.91452991452991
7
6.95789473684211
6.35114503816794
6.31034482758621
6.69565217391304
6.62393162393162
6.89230769230769
7.27710843373494
7.18604651162791
6.5241935483871
6.73809523809524
6.85606060606061
7.075
6.45185185185185
6.35294117647059
6.08510638297872
5.64516129032258
6.62015503875969
6.31060606060606
6.25352112676056
6.67226890756303
7.34939759036145
6.11827956989247
6.45112781954887
6.31159420289855
6.84210526315789
6.83333333333333
6.53333333333333
7.20454545454545
7.57746478873239
6.808
6.97674418604651
6.66433566433566
6.83969465648855
6.64285714285714
7.04819277108434
7.13265306122449
6.54615384615385
6.30344827586207
6.44520547945205
6.74015748031496
6.71900826446281
7.67058823529412
7.45569620253165
6.95138888888889
6.32666666666667
7.424
7.21212121212121
7.104
7.50684931506849
7.53846153846154
6.82442748091603
6.96774193548387
7.15789473684211
7.50442477876106
7.07627118644068
7.86075949367089
7.58823529411765
6.93220338983051
6.56818181818182
7.06818181818182
7.01492537313433
7.16393442622951
7.23655913978495
7.46478873239437
7.30769230769231
7.30434782608696
6.54676258992806
7.12213740458015
6.89256198347107
7.54216867469879
7.01176470588235
6.98305084745763
6.8125
7.38524590163934
7.17094017094017
7.3960396039604
7.87837837837838
7.54411764705882
7.05511811023622
7.14685314685315
7.24347826086957
7.22222222222222
7.16071428571429
5.41726618705036
5.61165048543689
6.5177304964539
6.5
6.94852941176471
6.90551181102362
6.83870967741935
6.57391304347826
6.90123456790123
6.74264705882353
6.3972602739726
6.94927536231884
7.11764705882353
7.02479338842975
7.02631578947368
7.72881355932203
6.90909090909091
7.13821138211382
6.81208053691275
6.58273381294964
6.82786885245902
7.24705882352941
7.65882352941177
7.05263157894737
6.35714285714286
6.91538461538462
6.54744525547445
6.66417910447761
6.65591397849462
7.28260869565217
7.20833333333333
6.824
6.91578947368421
7.21929824561404
6.62698412698413
7.25581395348837
7.07865168539326
7.6195652173913
7.44347826086956
6.76923076923077
6.62015503875969
7.14728682170543
6.88
7.3943661971831
6.34426229508197
6.31884057971014
6.9296875
6.36879432624113
7.23636363636364
7.32876712328767
7.14285714285714
6.70866141732283
6.68493150684932
6.5
6.98412698412698
7.3394495412844
7.75
7.60869565217391
8.66666666666667
10
5.61904761904762
8
