12.0323974082073
11.0374015748031
11.1414342629482
11.1341991341991
12.080985915493
11.5729166666667
10.8391472868217
10.6758349705305
14.7954545454545
11.7343173431734
11.4423076923077
11.4130434782609
18.8965517241379
0
12.1155555555556
12.6616915422886
17.8
11.6753623188406
12.2049180327869
3.875
11.4401913875598
12.4863945578231
13.2469512195122
10.5443548387097
12.1066666666667
12.4281150159744
12.2937293729373
12.7136563876652
10.5540540540541
13.7735849056604
11.7126654064272
11.6649616368286
11.3668341708543
12
16.2467532467532
11.0201863354037
11.7104557640751
11.8943298969072
11.640826873385
12.2727272727273
12.1535087719298
11.8511627906977
11.8121693121693
12.4356955380577
11.239898989899
12.2926829268293
11.7405405405405
11.4377880184332
12.2815533980583
11.3179487179487
12.0108108108108
11.9533678756477
11.9531680440771
11.825327510917
11.7081339712919
11.3922651933702
12.3895027624309
11.4974226804124
11.3645320197044
11.911051212938
11.6814159292035
11.9132420091324
11.2422680412371
11.673417721519
11.7670886075949
12.0527777777778
13.1308724832215
12.2226720647773
12.3941908713693
11.4412532637076
12.3699731903485
11.8328767123288
11.4652406417112
11.6028571428571
12.2718894009217
11.1520737327189
11.6439790575916
12.5469168900804
13.8984962406015
12.2012195121951
11.4115044247788
12.4842105263158
12.0497076023392
12.3788300835655
12.0740740740741
11.704
12.5649350649351
12.0865384615385
12.1944444444444
12.9301587301587
12.6210826210826
12.2222222222222
12.9096573208723
11.4626436781609
11.7951219512195
11.7596153846154
10.7992495309568
11.9297297297297
11.839762611276
11.9939577039275
12.1319796954315
12.825
11.4774774774775
11.78125
11.9189944134078
17.0350877192982
16.0526315789474
15.6493506493506
14.2886597938144
14.5875
14.1304347826087
14.3467741935484
13.0977443609023
13.863309352518
13.8352941176471
12.7631578947368
13.952380952381
13.3798449612403
14.2608695652174
13.5142857142857
13.495867768595
13.4157303370787
13.6344086021505
13.8455882352941
13.955223880597
13.5964912280702
14.3471074380165
15.0252100840336
15.9418604651163
16.7460317460317
13.8880597014925
13.3428571428571
14.4318181818182
13.7954545454545
13.6351351351351
15.2564102564103
15.3026315789474
15.6261682242991
14.5298507462687
13.7536231884058
13.6074074074074
14.4666666666667
14.5952380952381
14.8470588235294
14.3458646616541
14.4769230769231
14.0208333333333
14.2112676056338
14.609375
16.7222222222222
14.525
13.53125
12.8588957055215
13.5655172413793
14.9416058394161
14.1959459459459
14.7111111111111
15.0693069306931
14.6693548387097
13.9928057553957
14.1503759398496
14.125
13.9492753623188
10.2699386503067
12.7372881355932
12.4390243902439
13.3037037037037
12.8571428571429
14.1605839416058
14.2479338842975
14.1264367816092
15.2615384615385
13.8217054263566
13.7368421052632
14.1642857142857
13.1901408450704
13.8931297709924
14.1931818181818
13.0609756097561
13.969696969697
13.6549295774648
14.1603053435114
13.2283950617284
13.7414965986395
14.3711340206186
13.8705882352941
14.3684210526316
13.8181818181818
13.1721854304636
14.5757575757576
14.0508474576271
15.3173076923077
14.8131868131868
14.9318181818182
14.0704225352113
14.0629370629371
14.2913385826772
14
14.5853658536585
13.8117647058824
13.0105263157895
13.2298850574713
13.44
14.3983050847458
13.1590909090909
14.3703703703704
13.6888888888889
13.4338235294118
13.7099236641221
14.0642857142857
13.991935483871
14.7592592592593
14.2209302325581
14.95
12.8206896551724
13.748031496063
13.5289855072464
14.3157894736842
14.6495726495726
15.0246913580247
14.8421052631579
13.6106870229008
13.448275862069
14.1304347826087
14.2905982905983
14.6230769230769
15.4578313253012
14.906976744186
13.7338709677419
14.4603174603175
14.3030303030303
15.1916666666667
14.1407407407407
13.6705882352941
13
12.1096774193548
13.937984496124
13.3560606060606
13.6478873239437
14.2605042016807
14.8192771084337
12.8817204301075
14.015037593985
13.8115942028986
14.3383458646617
14.3174603174603
13.775
14.9090909090909
15.6760563380282
13.912
14.7984496124031
13.993006993007
14.9160305343511
13.9206349206349
14.4819277108434
14.8673469387755
13.9769230769231
13.7586206896552
13.8493150684932
14.4566929133858
13.7933884297521
16.3294117647059
15.2658227848101
15.0347222222222
13.5133333333333
15.632
15.3560606060606
15.072
15.7534246575342
15.6615384615385
14.381679389313
14.7258064516129
15.3984962406015
16.1150442477876
14.8559322033898
15.8481012658228
15.4852941176471
14.7203389830508
14.219696969697
15.2348484848485
14.8805970149254
14.9754098360656
15.3655913978495
15.3521126760563
15.6538461538462
15.2173913043478
14.3093525179856
15.1984732824427
14.8595041322314
15.710843373494
15.0470588235294
14.7372881355932
14.703125
15.2377049180328
15.3931623931624
15.8811881188119
15.5405405405405
15.9117647058824
15.2834645669291
14.9020979020979
15.4
15.5128205128205
15.7857142857143
11.5971223021583
11.9514563106796
14.1560283687943
14.0923076923077
14.9558823529412
14.6692913385827
15.1693548387097
13.8434782608696
14.358024691358
14.2352941176471
13.8356164383562
14.7391304347826
14.8470588235294
14.8842975206612
14.9473684210526
15.9661016949153
14.6611570247934
15.0975609756098
14.5167785234899
14.3021582733813
14.7868852459016
15.4588235294118
15.7647058823529
14.984962406015
14.1071428571429
14.9692307692308
14.5474452554745
14.6417910447761
13.8387096774194
15.1630434782609
15.4
14.648
14.2526315789474
15.3508771929825
14.4047619047619
15.3720930232558
14.6966292134831
15.7934782608696
15.8695652173913
14.5769230769231
14.3643410852713
15.3798449612403
14.0933333333333
15.0422535211268
14.2295081967213
13.4710144927536
14.9921875
14.4326241134752
15.5909090909091
15.5068493150685
15.1758241758242
14.4724409448819
14.3972602739726
14.0254237288136
15.1746031746032
15.4311926605505
16.2794117647059
16.0217391304348
17.7916666666667
19.6666666666667
12.9115646258503
17.5
