9
9
10
11
15
3
6
11
0
16
6
3
0
0
4
2
0
17
1
3
6
6
6
5
3
10
5
0
4
7
10
5
1
13
6
7
6
18
3
6
5
2
9
6
6
11
8
10
4
4
16
3
2
2
5
3
1
4
10
15
4
0
28
6
2
12
1
3
1
10
2
1
4
2
4
8
3
5
2
8
22
1
5
1
2
17
6
0
1
4
6
3
0
2
1
2
3
7
2
4
2
5
2
2
5
5
0
4
5
4
6
6
2
4
2
10
7
0
0
11
8
2
3
10
7
0
2
3
3
2
4
0
0
3
4
2
1
1
0
6
1
5
3
3
1
3
9
2
7
3
2
3
1
0
4
4
2
4
4
2
2
1
4
2
4
3
2
0
1
2
1
0
7
3
5
4
7
2
0
2
4
5
2
5
5
2
6
0
6
4
4
5
10
6
20
7
6
11
12
14
13
7
10
4
19
6
9
10
6
3
9
3
5
2
13
8
6
4
6
4
9
13
3
3
2
8
11
4
7
5
1
4
4
2
2
0
2
2
5
6
4
1
6
4
4
1
5
8
5
4
5
4
5
8
5
8
7
0
5
6
3
2
2
10
3
4
0
4
2
2
3
7
3
6
1
0
2
2
9
1
8
3
4
10
4
2
4
4
6
4
2
9
4
2
5
3
2
2
6
5
0
3
4
4
2
2
2
6
5
6
2
5
2
5
2
4
8
5
5
5
6
8
7
4
3
5
0
2
4
2
3
4
11
4
1
1
3
5
9
7
8
6
6
5
7
2
0
15
5
6
4
3
1
6
3
2
7
2
5
1
0
3
0
0
2
0
