5
6
6
4
2
3
4
7
0
4
3
2
1
0
2
13
1
13
13
0
7
4
5
1
1
3
7
3
0
2
8
3
8
5
0
10
1
2
3
2
0
0
4
7
10
12
9
1
1
7
1
11
10
0
3
9
2
5
5
3
0
2
1
1
4
1
5
1
4
10
9
6
7
1
2
1
1
4
1
4
6
3
6
3
5
10
2
1
6
6
9
2
11
14
7
20
15
11
25
15
12
13
8
11
5
3
5
2
0
0
8
5
5
2
2
2
2
1
1
2
0
1
3
1
1
3
8
3
4
1
1
1
5
0
0
0
0
2
1
0
2
1
1
0
2
1
4
3
0
0
1
1
0
2
0
0
2
5
4
2
2
1
1
2
3
1
3
1
6
1
1
0
2
2
1
2
1
2
4
1
2
0
1
0
1
0
1
3
1
1
4
1
5
13
1
9
1
1
0
1
0
1
2
2
2
0
0
7
9
1
3
1
0
3
5
5
2
0
5
0
1
2
0
3
0
2
1
0
0
3
5
1
2
0
0
3
6
3
0
1
0
2
2
1
2
6
4
0
7
1
0
3
1
4
4
2
2
9
10
3
1
0
2
4
2
3
2
3
0
0
1
3
5
4
1
0
0
7
4
2
2
1
2
1
1
0
4
2
0
1
0
0
4
0
2
1
2
2
0
1
1
0
0
0
0
3
2
4
2
2
2
0
0
0
1
1
1
1
0
1
1
7
4
0
3
1
3
0
0
1
5
1
6
1
1
0
2
0
0
1
0
1
0
1
4
1
1
2
0
1
0
1
0
4
4
2
2
1
2
1
2
1
0
0
8
0
