3
7
14
1
3
1
8
12
0
6
8
5
1
0
0
6
2
5
5
0
10
2
1
7
1
7
2
1
2
3
12
1
12
7
0
9
2
2
5
3
0
0
6
6
13
16
14
1
0
18
0
15
8
3
11
13
8
5
0
9
0
0
2
1
6
2
1
1
0
9
11
3
11
4
4
1
8
1
9
10
5
1
8
5
5
16
3
0
0
1
1
0
8
13
3
24
31
19
19
17
12
15
11
11
7
2
5
0
0
0
8
3
5
1
3
0
0
0
2
3
0
0
2
5
2
9
2
3
4
3
0
1
0
3
0
0
0
2
0
3
1
1
0
1
1
1
0
3
0
0
0
0
1
0
0
0
3
6
1
2
0
3
3
0
0
2
0
0
1
1
0
0
3
0
1
2
1
0
2
3
0
0
4
5
0
0
2
0
2
1
5
1
2
4
0
0
0
0
0
0
0
1
3
0
0
0
0
2
4
0
0
0
0
0
0
0
0
0
3
0
0
1
2
1
0
0
0
0
0
0
0
0
0
0
0
0
0
0
0
0
0
0
0
0
1
0
0
0
0
0
0
0
0
0
0
0
0
0
0
0
0
0
0
0
1
0
0
0
0
0
0
0
0
0
0
0
0
0
0
0
1
0
0
0
0
0
0
0
0
0
0
0
0
0
0
0
0
0
0
0
0
0
0
0
0
0
0
0
0
0
0
0
0
0
0
0
0
0
0
0
0
2
2
0
0
0
0
0
0
0
0
0
0
0
0
0
1
0
0
0
0
0
0
0
2
0
1
0
0
0
0
0
0
0
0
0
0
0
0
0
0
0
0
0
0
