15
14
10
7
10
9
8
6
1
6
5
4
0
0
4
7
1
11
9
0
6
2
10
11
5
3
2
1
1
1
2
1
3
2
3
12
5
6
3
6
2
4
4
10
4
6
1
3
5
9
7
2
4
15
17
9
6
1
7
4
0
0
0
4
7
8
6
2
8
12
12
12
8
3
6
2
6
5
3
14
5
8
7
12
7
2
2
2
5
5
7
10
9
8
8
2
14
7
4
5
5
13
11
4
6
0
0
0
0
0
0
0
0
0
0
0
0
1
0
0
0
0
0
0
0
0
1
0
0
0
0
0
0
0
0
0
1
1
0
0
0
0
0
0
0
0
0
0
0
2
1
0
0
1
0
1
1
2
0
0
0
0
0
0
0
0
0
0
0
0
0
0
0
0
0
0
1
0
0
0
2
0
0
0
0
1
1
2
0
1
0
0
0
0
0
0
0
0
0
1
0
0
0
0
0
0
0
0
2
0
0
1
0
0
0
0
0
0
0
0
0
0
3
1
0
0
0
0
0
0
1
0
0
0
0
0
0
0
0
0
0
0
0
0
0
0
0
0
0
0
0
0
0
0
0
0
0
0
0
0
0
0
0
0
0
0
1
0
0
0
0
0
0
0
0
0
0
0
0
0
0
0
0
0
1
0
0
0
0
0
0
1
0
1
0
0
0
0
0
0
1
0
0
0
0
0
0
0
0
0
1
0
0
0
0
0
1
0
0
0
0
1
0
0
0
0
0
1
0
0
0
0
0
0
0
0
0
0
0
0
0
0
0
0
0
0
0
1
0
0
0
0
0
0
0
0
0
0
0
0
0
0
0
4
0
