1
1
5
8
3
2
5
5
0
1
12
3
0
0
7
0
0
4
3
1
2
6
3
3
5
4
8
13
3
1
8
3
6
5
1
7
2
3
13
2
5
2
14
4
0
3
8
10
3
5
3
2
4
2
3
11
4
2
1
6
4
2
3
19
13
11
13
5
3
15
7
4
11
6
2
2
2
3
7
9
4
6
7
11
19
24
15
27
7
11
5
7
6
12
1
13
7
5
7
16
2
3
8
7
7
3
6
1
0
2
5
0
2
7
2
13
3
1
5
3
2
2
1
6
6
4
11
4
1
1
0
6
9
4
3
1
3
1
7
3
9
7
0
3
8
5
9
14
7
2
3
2
2
3
9
15
6
13
5
5
14
10
5
30
12
15
7
5
1
7
2
2
9
0
9
1
0
1
1
7
0
7
3
1
2
0
1
1
0
6
1
1
4
0
4
0
5
1
2
0
3
0
1
1
0
0
0
0
1
3
3
0
1
0
3
7
4
0
0
0
0
0
1
1
0
0
1
0
0
0
0
2
0
0
0
0
1
1
0
3
0
8
5
4
2
0
3
1
1
0
0
4
2
4
1
0
0
0
0
0
0
0
0
2
0
1
0
0
0
1
0
0
1
0
0
1
0
8
0
0
1
0
4
1
0
0
1
0
5
1
0
0
2
0
0
0
0
0
2
1
1
3
0
1
2
4
5
1
0
0
0
2
3
1
0
0
2
0
0
1
0
3
5
0
0
2
0
1
2
0
0
0
0
0
0
0
0
0
0
0
2
0
0
0
1
0
1
0
1
0
1
0
2
0
2
1
1
2
0
0
0
0
0
0
0
