1
1
0
0
0
0
0
0
0
0
0
3
1
0
0
0
0
0
3
0
3
3
2
0
1
0
0
0
0
0
1
1
2
0
0
4
3
2
0
0
0
0
0
0
0
0
8
0
0
1
5
4
3
0
0
0
2
8
3
8
0
0
1
3
0
0
0
4
0
0
3
0
1
8
0
0
1
0
0
0
0
0
0
4
1
0
1
0
0
2
0
3
1
0
0
0
4
9
9
23
17
10
25
8
14
9
7
0
2
3
12
5
4
13
0
11
5
1
11
4
4
0
0
4
2
1
9
2
0
0
0
6
0
8
1
1
0
1
4
1
5
3
0
5
1
8
7
8
3
2
1
3
1
2
5
12
3
10
0
1
12
7
4
20
25
18
11
13
8
9
4
3
3
0
9
10
8
6
6
9
7
6
9
14
13
15
10
7
5
4
4
3
9
13
1
23
10
9
3
4
4
4
9
0
7
0
0
16
17
5
6
5
3
9
9
5
6
0
4
3
1
3
8
6
3
7
0
0
0
4
8
5
5
2
3
7
8
7
1
1
2
2
2
2
5
7
2
1
7
4
0
9
1
7
5
9
13
8
7
6
10
0
0
8
5
4
0
3
0
0
3
12
7
4
2
1
1
4
6
2
9
3
2
0
4
0
3
8
4
2
0
1
10
2
3
1
1
5
1
5
1
2
1
6
5
8
5
8
3
5
4
2
3
5
4
4
5
2
0
1
4
6
3
0
0
0
2
2
1
1
5
1
8
3
1
3
5
2
1
1
2
1
4
3
1
0
1
6
2
2
2
1
0
4
4
8
2
3
2
4
1
2
0
3
0
