12
10
16
17
7
6
19
10
1
5
3
13
3
0
4
3
0
2
18
0
5
1
5
6
3
8
9
1
4
0
16
18
10
2
0
37
16
7
12
16
1
4
6
3
18
11
19
2
2
8
17
7
11
2
4
11
14
20
13
32
6
9
23
9
7
14
13
21
12
15
14
13
13
11
1
5
24
5
6
4
0
2
5
16
13
12
21
4
1
9
27
33
12
18
15
20
66
43
55
39
22
16
35
23
20
7
10
3
3
3
10
8
1
9
0
5
10
6
13
19
9
2
7
10
5
4
8
2
1
0
8
4
7
6
8
3
2
9
6
12
5
4
0
5
0
6
6
6
6
4
2
7
5
7
8
6
4
5
5
10
9
9
7
40
28
26
17
19
9
12
3
6
9
8
13
17
9
8
1
8
12
11
18
17
22
20
14
24
14
14
14
6
12
6
2
17
9
5
3
1
1
0
13
4
5
2
5
15
6
4
4
4
1
3
8
4
4
4
2
2
0
3
4
2
3
1
2
2
5
1
2
1
3
1
2
6
4
0
3
0
2
1
1
2
0
7
0
0
0
1
3
3
1
2
1
1
10
1
5
3
6
4
0
6
3
1
0
1
0
1
2
6
3
0
5
2
2
1
4
4
7
4
1
1
2
0
4
6
3
7
14
4
8
7
3
2
2
4
3
7
5
7
5
42
37
28
19
16
15
15
15
12
19
15
9
5
2
1
2
18
15
11
14
12
3
6
13
16
14
17
14
0
0
2
19
7
9
5
2
6
2
5
4
7
1
0
4
6
10
6
3
1
0
0
0
0
3
3
4
1
1
3
0
2
0
