0
1
2
0
0
0
0
2
0
0
1
1
1
0
0
0
0
1
0
0
0
4
2
0
0
1
0
0
0
0
1
1
0
0
1
1
6
3
0
3
0
1
1
1
3
2
3
3
0
4
2
0
0
1
1
1
2
3
1
7
1
5
0
0
2
2
0
12
0
4
2
0
2
1
0
0
6
1
0
2
0
0
3
11
3
2
9
7
2
4
2
9
4
1
1
2
3
0
4
4
2
3
12
0
1
1
2
0
0
0
1
1
0
2
1
0
1
1
6
8
2
2
0
1
1
3
2
0
1
0
0
1
4
3
3
1
3
3
1
6
2
2
1
1
5
2
2
5
0
0
0
2
4
3
1
5
2
2
1
2
4
2
1
17
9
3
3
1
1
2
0
1
4
0
2
6
1
2
0
0
2
0
8
2
1
1
1
2
3
0
3
0
0
1
0
2
0
1
1
0
0
1
2
1
1
0
0
0
0
0
0
0
0
0
1
1
0
4
4
0
0
0
0
1
0
0
2
1
0
1
0
1
0
0
0
0
0
0
0
0
0
0
0
1
0
2
0
0
0
0
1
0
2
3
0
0
2
0
1
0
0
1
0
2
0
0
0
0
0
0
2
2
1
1
1
0
0
3
2
2
0
0
1
0
0
0
0
3
0
0
1
1
2
0
1
1
0
1
0
1
1
1
1
10
11
7
4
1
9
5
0
2
6
10
5
1
1
1
2
8
5
7
2
1
0
0
3
5
3
4
3
0
0
2
4
0
1
0
0
0
0
0
0
1
0
1
0
2
1
0
0
0
0
0
0
0
0
0
1
0
0
0
0
1
0
