2
2
5
3
1
4
9
19
0
1
4
0
0
0
0
1
0
7
7
7
1
1
4
15
10
10
10
4
6
1
18
9
2
0
0
2
1
4
8
4
0
8
4
15
8
9
18
1
4
7
2
0
9
0
8
2
1
5
1
11
10
0
6
0
1
0
0
0
2
4
3
1
4
0
2
0
11
9
7
5
0
1
3
5
1
1
3
4
3
0
17
2
3
8
11
1
7
2
1
2
12
4
6
0
0
1
1
0
0
3
5
8
11
13
6
7
3
6
2
4
4
2
8
1
2
1
2
3
0
0
0
3
0
8
7
1
5
1
1
8
0
3
3
8
3
0
3
1
0
0
1
1
0
3
0
0
0
1
5
0
4
1
1
2
4
14
5
6
7
8
1
1
1
3
4
2
0
1
0
6
3
4
6
11
4
4
3
5
3
6
2
2
9
8
2
1
0
0
0
0
6
3
4
2
0
0
0
1
4
0
0
5
0
0
1
0
0
0
0
0
0
3
3
2
0
1
0
0
1
3
0
0
1
0
0
2
2
3
3
4
4
0
0
3
0
0
0
0
0
0
4
1
0
1
0
0
5
0
4
1
3
0
0
2
9
1
4
3
0
1
5
0
6
0
1
1
1
4
4
2
0
1
3
1
5
0
2
3
2
0
0
1
0
0
0
3
1
0
1
0
0
1
1
1
0
2
4
7
1
1
0
0
0
1
5
10
1
3
0
0
0
1
8
3
2
0
0
2
0
0
0
0
1
0
3
5
2
1
1
1
3
2
0
0
0
0
1
0
1
3
2
2
1
0
1
1
2
3
0
0
0
0
0
0
0
