5
3
10
7
2
5
14
11
0
6
14
19
0
0
10
0
0
3
12
0
4
7
5
3
5
9
10
14
3
0
19
8
7
12
1
15
8
12
14
8
3
5
14
11
14
14
13
15
3
16
18
4
11
3
6
17
11
9
7
10
3
2
10
20
17
24
20
10
6
12
20
9
13
10
8
1
7
7
11
11
2
12
17
25
20
37
28
32
7
11
25
18
10
20
4
5
21
14
14
20
8
11
19
9
11
2
3
1
1
1
12
6
0
6
0
3
3
3
5
8
9
3
3
6
9
7
15
4
2
2
6
7
12
10
5
3
4
6
8
14
17
7
4
2
17
4
7
14
12
1
5
6
7
2
6
10
3
11
9
9
16
10
4
51
18
22
13
15
7
16
2
2
15
7
13
11
4
8
3
11
1
5
11
6
5
0
3
1
8
7
4
4
3
5
5
5
5
4
1
1
3
0
8
7
6
0
0
0
4
7
5
3
2
3
7
10
7
3
11
0
1
4
2
4
0
2
4
1
2
1
0
4
1
1
0
2
4
0
2
0
0
7
4
4
7
2
4
2
1
8
0
5
1
10
1
0
5
2
2
2
6
1
1
2
5
2
3
2
1
0
1
1
9
4
7
5
4
1
5
3
3
3
9
0
0
0
1
2
8
0
9
0
3
3
4
6
0
5
4
5
2
5
2
41
29
18
16
6
8
14
21
14
21
20
12
2
3
0
0
10
8
13
14
13
6
11
10
10
7
14
10
0
1
2
19
6
6
4
2
7
3
4
8
3
1
3
5
5
7
6
10
6
5
0
1
3
10
7
7
2
0
1
0
2
0
