4
5
4
3
4
1
2
5
2
1
3
7
0
0
5
1
0
5
2
3
4
4
18
2
4
0
2
2
4
2
6
3
3
1
1
1
5
7
4
7
1
1
5
6
5
3
3
2
3
6
1
2
2
4
3
2
0
7
5
4
0
1
0
0
0
1
2
2
2
3
1
1
2
2
1
0
4
2
3
4
2
2
2
1
5
3
2
1
0
1
3
0
4
2
1
4
6
3
5
4
3
3
2
3
1
0
1
8
6
3
3
7
5
5
2
2
4
8
6
7
6
4
8
4
7
10
5
4
3
4
7
5
5
7
8
4
2
5
6
7
4
3
4
5
5
7
7
8
3
3
6
5
6
4
3
3
9
3
2
4
2
3
5
4
4
5
4
7
5
7
7
4
5
4
5
7
2
7
5
8
8
7
2
7
5
5
8
6
6
4
6
11
8
6
8
3
9
11
1
8
7
6
9
10
5
6
4
5
7
4
6
3
8
10
6
4
6
5
3
7
2
8
10
7
3
5
4
5
11
3
5
3
7
4
9
7
7
9
6
7
7
10
7
13
13
9
6
10
3
12
6
13
3
7
7
3
6
3
10
6
10
9
4
5
11
3
7
6
3
6
9
10
6
2
7
3
8
6
9
6
5
7
7
5
2
7
8
3
4
5
2
5
7
7
10
4
7
4
5
5
1
3
3
3
5
5
4
2
6
7
6
8
6
8
10
5
5
4
0
5
6
6
5
4
4
4
4
3
1
8
6
10
3
5
4
6
4
10
3
2
7
5
6
8
4
7
4
5
7
7
3
3
1
5
8
7
0
0
0
0
0
0
0
3
0
