18
18
30
27
11
13
34
29
1
14
19
35
5
0
16
14
0
13
37
0
16
14
14
9
8
19
22
15
7
0
37
28
18
18
2
60
30
23
26
27
4
10
25
18
39
31
39
21
5
32
37
20
26
6
13
32
28
33
25
52
10
16
33
29
27
40
35
43
20
35
38
24
29
23
9
7
37
13
17
19
4
14
31
53
39
55
58
44
14
29
57
61
33
48
23
38
94
65
85
71
39
39
73
37
33
11
18
4
4
4
30
18
2
19
1
8
15
10
24
35
20
7
11
18
15
17
29
7
8
3
14
12
26
19
16
7
9
20
16
32
25
14
6
8
23
13
18
26
18
5
8
15
16
12
15
21
10
21
17
22
29
21
12
109
57
52
35
36
19
30
5
9
29
17
28
35
15
18
7
19
16
16
38
25
28
21
19
30
26
21
22
10
19
20
8
33
14
10
5
2
4
1
23
13
13
2
5
18
15
11
10
7
3
8
20
18
11
11
20
2
1
7
6
9
3
4
8
4
7
5
5
7
5
2
2
9
13
1
5
1
2
10
7
8
8
16
6
2
7
10
4
10
5
19
6
3
19
9
13
6
12
6
2
12
10
5
3
5
1
1
6
10
16
7
13
7
6
8
13
9
10
8
12
1
2
0
9
12
11
8
24
5
16
10
8
10
3
11
7
14
9
13
8
93
77
54
40
26
33
36
36
28
46
45
27
8
6
3
4
36
29
34
32
26
11
18
29
31
24
36
31
0
4
7
42
13
16
9
4
13
5
9
12
12
3
4
10
14
18
13
13
8
5
2
4
5
13
10
14
3
1
4
0
10
0
